{
    "cameras": [
      {
        "camera_id": "C0000",
        "extrinsics": {
          "view_matrix": [
            0.9190556588464028,
            -0.35244425886599545,
            0.17640788059155402,
            -0.42149337237665313,
            0.12134436031853386,
            -0.17281549397431223,
            -0.9774509457058704,
            2.5064814216657676,
            0.3749829891625626,
            0.9197379243212785,
            -0.11605993453339399,
            2.8777933596853043,
            0.0,
            0.0,
            0.0,
            1.0
          ]
        },
        "intrinsics": {
          "camera_matrix": [
            12802.060002309112,
            0.0,
            2642.436038400723,
            0.0,
            12800.589929884454,
            2267.8737370986,
            0.0,
            0.0,
            1.0
          ],
          "color_correction_matrix": [
            1.6538445228085357,
            -0.554751574344434,
            -0.13384236262152796,
            -0.5429918393757491,
            1.9137250954202973,
            -0.4342533939956423,
            0.13150320341698105,
            -0.7296374933287073,
            1.6449849809076906
          ],
          "distortion_coefficients": [
            -0.094131451980314,
            0.21924224263108738,
            7.534032218821925e-05,
            -4.1290352692821515e-05,
            -3.3719120428258966
          ],
          "resolution": [
            5328,
            4608
          ],
          "white_balance_coefficients": [
            2.132396169477117,
            1.0,
            1.9408626466057766
          ]
        }
      },
      {
        "camera_id": "C0001",
        "extrinsics": {
          "view_matrix": [
            -0.9450506812291855,
            -0.024787943227951945,
            0.3259827722116313,
            -0.782825170417343,
            -0.0035166987988437736,
            0.9978344885966783,
            0.06568079016397128,
            -0.26205656398486493,
            -0.32690494449887214,
            0.060925292264651765,
            -0.9430913349324422,
            4.953321034432805,
            0.0,
            0.0,
            0.0,
            1.0
          ]
        },
        "intrinsics": {
          "camera_matrix": [
            12851.92509314511,
            0.0,
            2683.13060512708,
            0.0,
            12851.594916406715,
            2299.1860688835213,
            0.0,
            0.0,
            1.0
          ],
          "color_correction_matrix": [
            1.6023708491284943,
            -0.5178319727675206,
            -0.17176454324818438,
            -0.5378955080656465,
            1.892340087674882,
            -0.46025421699363045,
            0.1301292697943431,
            -0.7145960125394928,
            1.5834874014995652
          ],
          "distortion_coefficients": [
            -0.08581965328540515,
            -0.43517100115797575,
            0.0004456429384659519,
            0.0005527933881034885,
            5.508415951106716
          ],
          "resolution": [
            5328,
            4608
          ],
          "white_balance_coefficients": [
            2.143540490697754,
            0.9999999999999999,
            1.959851314996579
          ]
        }
      },
      {
        "camera_id": "C0004",
        "extrinsics": {
          "view_matrix": [
            1.0,
            3.126208442328039e-33,
            8.392190124732799e-34,
            0.0,
            -4.949938231995768e-34,
            1.0,
            -1.3524605596431315e-33,
            -7.678423902819124e-49,
            -9.82183054919042e-34,
            1.6517012724992707e-33,
            1.0,
            -9.860761315262648e-32,
            0.0,
            0.0,
            0.0,
            1.0
          ]
        },
        "intrinsics": {
          "camera_matrix": [
            12853.661942404282,
            0.0,
            2660.7269710870464,
            0.0,
            12851.73115863489,
            2286.045463211029,
            0.0,
            0.0,
            1.0
          ],
          "color_correction_matrix": [
            1.3879608702124093,
            -0.4311276599992883,
            -0.13883795681655636,
            -0.4575858933071883,
            1.6214651546612049,
            -0.3674196986373928,
            0.11171242264511444,
            -0.6050746685235153,
            1.3862892476013682
          ],
          "dark_image_path": "",
          "distortion_coefficients": [
            -0.06383352174915659,
            -0.7080643077028473,
            -7.709301967181022e-05,
            -0.0006398067377321325,
            4.373087678976215
          ],
          "resolution": [
            5328,
            4608
          ],
          "white_balance_coefficients": [
            2.1073660770954388,
            1.0,
            1.9120658534064179
          ]
        }
      },
      {
        "camera_id": "C0005",
        "extrinsics": {
          "view_matrix": [
            0.9759602288062342,
            0.03180094344859564,
            0.2156161677246441,
            -0.48724851492173943,
            -0.08145338070545116,
            -0.8643922108729895,
            0.496176835970562,
            -1.0772249607143227,
            0.20215582742066943,
            -0.5018115241581091,
            -0.8410221255484186,
            4.666425858276232,
            0.0,
            0.0,
            0.0,
            1.0
          ]
        },
        "intrinsics": {
          "camera_matrix": [
            12861.176767141787,
            0.0,
            2707.741857077331,
            0.0,
            12860.04674624155,
            2373.2068241105667,
            0.0,
            0.0,
            1.0
          ],
          "color_correction_matrix": [
            1.6132298473131972,
            -0.5143203240787271,
            -0.19578297700986516,
            -0.5583157038030563,
            1.9424867591003194,
            -0.5000212042281088,
            0.11117273017312383,
            -0.6996530030518222,
            1.578925617173995
          ],
          "dark_image_path": "",
          "distortion_coefficients": [
            -0.0701573597404148,
            -0.15420530664787402,
            0.00033954033125915736,
            0.0005352832499076588,
            -0.47900542954029995
          ],
          "resolution": [
            5328,
            4608
          ],
          "white_balance_coefficients": [
            2.2029402123472552,
            1.0,
            1.9428896187335891
          ]
        }
      },
      {
        "camera_id": "C0006",
        "extrinsics": {
          "view_matrix": [
            0.9936659157751576,
            0.06463179945418521,
            0.09192811499227037,
            -0.11756095036093832,
            -0.11190331103284419,
            0.49426465450478063,
            0.8620789408674571,
            -2.0966737184654236,
            0.010280895223891827,
            -0.8669055206921826,
            0.4983664529107185,
            1.3407920842945884,
            0.0,
            0.0,
            0.0,
            1.0
          ]
        },
        "intrinsics": {
          "camera_matrix": [
            12831.412814750392,
            0.0,
            2701.124538469165,
            0.0,
            12830.114111079578,
            2292.3576092725284,
            0.0,
            0.0,
            1.0
          ],
          "color_correction_matrix": [
            1.403901635319075,
            -0.4618186781612955,
            -0.13273451904952924,
            -0.4535798934835164,
            1.598900391034983,
            -0.3720287780963157,
            0.1027091447968099,
            -0.5918541032455424,
            1.3776211340841757
          ],
          "dark_image_path": "",
          "distortion_coefficients": [
            -0.059138451471079594,
            -1.0795321424288504,
            5.608261523103938e-05,
            0.00048790136855779003,
            10.32500679223093
          ],
          "resolution": [
            5328,
            4608
          ],
          "white_balance_coefficients": [
            2.1641330403426697,
            1.0,
            1.868973543337898
          ]
        }
      },
      {
        "camera_id": "C0007",
        "extrinsics": {
          "view_matrix": [
            0.9919948629602244,
            -0.11471564266309764,
            0.05278743400581708,
            -0.1296989138168634,
            0.10199191274475473,
            0.48136974755413847,
            -0.8705635047911964,
            2.177757107535497,
            0.07445697814974975,
            0.8689784159966564,
            0.48921638457511846,
            1.2024883053909714,
            0.0,
            0.0,
            0.0,
            1.0
          ]
        },
        "intrinsics": {
          "camera_matrix": [
            12826.735846158494,
            0.0,
            2659.3291560211387,
            0.0,
            12826.628370410144,
            2199.129514650701,
            0.0,
            0.0,
            1.0
          ],
          "color_correction_matrix": [
            1.4616845024790037,
            -0.46600538165178246,
            -0.2022764177728201,
            -0.5383259125017392,
            1.7741723127576343,
            -0.45952926684284273,
            0.09034069979139092,
            -0.6433009878598611,
            1.4267296084330983
          ],
          "dark_image_path": "",
          "distortion_coefficients": [
            -0.05666187728817287,
            -1.0453658947897222,
            -7.779831961120598e-05,
            -0.00010474854954127003,
            10.273365736977329
          ],
          "resolution": [
            5328,
            4608
          ],
          "white_balance_coefficients": [
            2.118223636168091,
            1.0,
            1.938234085451182
          ]
        }
      },
      {
        "camera_id": "C0008",
        "extrinsics": {
          "view_matrix": [
            0.9843562500240937,
            0.11613301563194206,
            0.13249866308282274,
            -0.3453348754619921,
            -0.13703403249783136,
            0.03194490477108196,
            0.9900511082749972,
            -2.473860636903236,
            0.11074496365924552,
            -0.9927198223765846,
            0.047359342106017596,
            2.4849596708195216,
            0.0,
            0.0,
            0.0,
            1.0
          ]
        },
        "intrinsics": {
          "camera_matrix": [
            12852.374130574652,
            0.0,
            2650.805708411524,
            0.0,
            12852.102940919422,
            2336.196401900245,
            0.0,
            0.0,
            1.0
          ],
          "color_correction_matrix": [
            1.3894320053765827,
            -0.42141833037718596,
            -0.12740171197088818,
            -0.4399069947181413,
            1.5753815917513299,
            -0.3442133434459217,
            0.11397109911881885,
            -0.575358390315002,
            1.3706253426294874
          ],
          "dark_image_path": "",
          "distortion_coefficients": [
            -0.07030760147439191,
            -0.5543934144910194,
            -0.00019407571778271864,
            -6.01980252870232e-05,
            3.963144662452402
          ],
          "resolution": [
            5328,
            4608
          ],
          "white_balance_coefficients": [
            2.1101152167342554,
            1.0,
            1.8908227260972346
          ]
        }
      },
      {
        "camera_id": "C0010",
        "extrinsics": {
          "view_matrix": [
            -0.8706060313313575,
            -0.3289385990687984,
            -0.3658476954309262,
            0.9320433458952131,
            -0.10463505549077044,
            -0.6028099474441176,
            0.7909941039128314,
            -1.8668867664300512,
            -0.4807251224680348,
            0.7269247315266392,
            0.49039146742476736,
            1.451154805679065,
            0.0,
            0.0,
            0.0,
            1.0
          ]
        },
        "intrinsics": {
          "camera_matrix": [
            12814.923182179366,
            0.0,
            2683.8491182254998,
            0.0,
            12813.693397146602,
            2288.422837482724,
            0.0,
            0.0,
            1.0
          ],
          "color_correction_matrix": [
            1.8117975753639262,
            -0.5687551660247119,
            -0.2213563522050131,
            -0.6171023077148913,
            2.1539255356164446,
            -0.5310768190143256,
            0.13359031030836027,
            -0.7740549800359084,
            1.7640598138823858
          ],
          "dark_image_path": "",
          "distortion_coefficients": [
            -0.0972203534736363,
            0.18953705387846262,
            2.9258657042291803e-05,
            0.0005570494189753407,
            -1.8634825484286686
          ],
          "resolution": [
            5328,
            4608
          ],
          "white_balance_coefficients": [
            2.2069099066402256,
            1.0,
            1.9405539614859615
          ]
        }
      },
      {
        "camera_id": "C0012",
        "extrinsics": {
          "view_matrix": [
            0.9784603218131385,
            -0.11666454886373952,
            0.17030790256400336,
            -0.4001345945320424,
            0.08479185710510109,
            -0.525062766456926,
            -0.8468290454686047,
            2.188678286675626,
            0.18821726702403802,
            0.8430293436880001,
            -0.503860879683055,
            3.6961408808120195,
            0.0,
            0.0,
            0.0,
            1.0
          ]
        },
        "intrinsics": {
          "camera_matrix": [
            12871.932634982466,
            0.0,
            2620.5962658597996,
            0.0,
            12871.304546130774,
            2276.342464737991,
            0.0,
            0.0,
            1.0
          ],
          "color_correction_matrix": [
            1.7676182328559078,
            -0.5001741336396085,
            -0.22980161411325745,
            -0.621156586825973,
            2.1616517061759697,
            -0.5143622857177252,
            0.11562871095095582,
            -0.7671331300100147,
            1.7977190070707314
          ],
          "dark_image_path": "",
          "distortion_coefficients": [
            -0.07323986924598283,
            -0.18651174692484235,
            -0.0002718884238167072,
            -0.00010773101565558267,
            -0.9915323446083362
          ],
          "resolution": [
            5328,
            4608
          ],
          "white_balance_coefficients": [
            2.069077980812718,
            1.0,
            1.999456628093025
          ]
        }
      },
      {
        "camera_id": "C0013",
        "extrinsics": {
          "view_matrix": [
            0.9084689215798534,
            -0.3982855531548256,
            -0.12669978954873212,
            0.372266075890309,
            -0.12535049591417452,
            -0.5488322696064104,
            0.8264807275507079,
            -2.0534177633851862,
            -0.3987122668010215,
            -0.734950173812369,
            -0.5485223517009677,
            4.04170935497882,
            0.0,
            0.0,
            0.0,
            1.0
          ]
        },
        "intrinsics": {
          "camera_matrix": [
            12905.809416195434,
            0.0,
            2703.9244133913353,
            0.0,
            12902.808577531865,
            2254.5216375702184,
            0.0,
            0.0,
            1.0
          ],
          "color_correction_matrix": [
            1.5111786979192008,
            -0.44307696222685183,
            -0.1969063714021579,
            -0.5252182780445503,
            1.8293591226931993,
            -0.4481146277612186,
            0.10262562478236596,
            -0.6529784758438989,
            1.5048803986907697
          ],
          "distortion_coefficients": [
            -0.1258026424008562,
            1.4131416213505157,
            -0.0006114896439194935,
            -0.0002202265603499333,
            -16.91620536369946
          ],
          "resolution": [
            5328,
            4608
          ],
          "white_balance_coefficients": [
            2.1212751383452444,
            1.0,
            1.96756547987273
          ]
        }
      },
      {
        "camera_id": "C0014",
        "extrinsics": {
          "view_matrix": [
            0.9089205628028126,
            0.20866982981393853,
            0.36099904797608634,
            -0.8771695583752428,
            -0.0793262466337149,
            -0.7634215461745103,
            0.6410108340984007,
            -1.5100960895548605,
            0.409354073033634,
            -0.611264627605706,
            -0.6773365470198932,
            4.427654478214626,
            0.0,
            0.0,
            0.0,
            1.0
          ]
        },
        "intrinsics": {
          "camera_matrix": [
            12847.681210181257,
            0.0,
            2662.452180855405,
            0.0,
            12846.870652179285,
            2322.97420361789,
            0.0,
            0.0,
            1.0
          ],
          "color_correction_matrix": [
            1.4124329504807989,
            -0.43009180075064857,
            -0.11935390423798004,
            -0.44901575799244065,
            1.6492793407612891,
            -0.36460767337855565,
            0.12404212828882906,
            -0.5956801060566741,
            1.4007647644088845
          ],
          "distortion_coefficients": [
            -0.08240276922320464,
            -0.10159979421377478,
            2.104523159437659e-05,
            -0.0004938240765139925,
            0.7087169498271517
          ],
          "resolution": [
            5328,
            4608
          ],
          "white_balance_coefficients": [
            2.123066730816415,
            1.0,
            1.9109825107288645
          ]
        }
      },
      {
        "camera_id": "C0016",
        "extrinsics": {
          "view_matrix": [
            0.9567795365032687,
            -0.24494665572453375,
            -0.15676113797098223,
            0.36410267116689965,
            0.08894607916063697,
            0.7596892062910197,
            -0.6441745918979345,
            1.5535438050941555,
            0.2768781564705679,
            0.6023897788760095,
            0.7486421313118654,
            0.7344309547380266,
            0.0,
            0.0,
            0.0,
            1.0
          ]
        },
        "intrinsics": {
          "camera_matrix": [
            12813.120950861545,
            0.0,
            2624.4335525587717,
            0.0,
            12810.586452106934,
            2331.50374083281,
            0.0,
            0.0,
            1.0
          ],
          "color_correction_matrix": [
            2.104616457424433,
            -0.5708581674259774,
            -0.2795935096291217,
            -0.7304048120269155,
            2.5875826943429674,
            -0.6252473255561022,
            0.16600329076390805,
            -0.9328028169484002,
            2.13544312062091
          ],
          "dark_image_path": "",
          "distortion_coefficients": [
            -0.09396991552317176,
            0.359801592928153,
            0.0003311542271797123,
            -0.0002739007773917106,
            -5.185748452162643
          ],
          "resolution": [
            5328,
            4608
          ],
          "white_balance_coefficients": [
            2.1224082221020106,
            1.0,
            1.9547526344419948
          ]
        }
      },
      {
        "camera_id": "C0018",
        "extrinsics": {
          "view_matrix": [
            0.9946432514236053,
            -0.08838204119671268,
            -0.05360426467531499,
            -0.030406101764435343,
            0.056403422728583716,
            0.8986297229234753,
            -0.4350669775827379,
            1.2773971353372529,
            0.0866224930487417,
            0.4297129691693987,
            0.8988010390657324,
            0.20128007542804685,
            0.0,
            0.0,
            0.0,
            1.0
          ]
        },
        "intrinsics": {
          "camera_matrix": [
            12773.956589885966,
            0.0,
            2507.4520606453616,
            0.0,
            12771.347797518349,
            2297.3045516842612,
            0.0,
            0.0,
            1.0
          ],
          "color_correction_matrix": [
            1.8306615574325076,
            -0.5338881141754379,
            -0.20346343362935648,
            -0.6250452717009229,
            2.2005080096897887,
            -0.49817192584812575,
            0.13477341521645816,
            -0.7983480939638546,
            1.8594316331952467
          ],
          "dark_image_path": "",
          "distortion_coefficients": [
            -0.0641807570321099,
            0.1781032217404725,
            0.00105499103846395,
            -0.001577871540820605,
            -7.681248302584419
          ],
          "resolution": [
            5328,
            4608
          ],
          "white_balance_coefficients": [
            2.050116063883555,
            1.0,
            1.9678741240186155
          ]
        }
      },
      {
        "camera_id": "C0020",
        "extrinsics": {
          "view_matrix": [
            -0.9558186491683932,
            -0.027916160745238942,
            -0.29262842970421377,
            0.6094871490403961,
            -0.03766298914554007,
            -0.9756458598063334,
            0.2160940894411119,
            -0.46695834962975324,
            -0.291534233239479,
            0.21756802203450384,
            0.9314891017276921,
            0.18040273378039157,
            0.0,
            0.0,
            0.0,
            1.0
          ]
        },
        "intrinsics": {
          "camera_matrix": [
            12862.995832814819,
            0.0,
            2616.111615400336,
            0.0,
            12862.40082428303,
            2278.153587275142,
            0.0,
            0.0,
            1.0
          ],
          "color_correction_matrix": [
            1.4169859453452884,
            -0.37843157763967883,
            -0.19231158705790202,
            -0.46710950831027853,
            1.6336790336485938,
            -0.3778973891099199,
            0.10589541195172149,
            -0.596566248549175,
            1.4147343490288542
          ],
          "dark_image_path": "",
          "distortion_coefficients": [
            -0.04957375772158614,
            -0.9165521306316732,
            0.0003517493661416403,
            4.821258610260397e-05,
            6.903670228727653
          ],
          "resolution": [
            5328,
            4608
          ],
          "white_balance_coefficients": [
            2.0473488543932,
            1.0,
            1.8898028770231203
          ]
        }
      },
      {
        "camera_id": "C0021",
        "extrinsics": {
          "view_matrix": [
            -0.9625328115301989,
            0.1349629825025325,
            -0.23519264461668943,
            0.45536730080717125,
            0.08022217081008398,
            -0.6867874118663826,
            -0.7224177837044117,
            1.8905219591584415,
            -0.2590270063879227,
            -0.7142184849581376,
            0.6502283950319411,
            0.9733489351014148,
            0.0,
            0.0,
            0.0,
            1.0
          ]
        },
        "intrinsics": {
          "camera_matrix": [
            12824.0470420268,
            0.0,
            2639.4022421721074,
            0.0,
            12823.180673869583,
            2285.224431916032,
            0.0,
            0.0,
            1.0
          ],
          "color_correction_matrix": [
            1.6018185751623222,
            -0.5007611088331301,
            -0.19271523820409783,
            -0.5475883996030279,
            1.9174018517678622,
            -0.48162642255714183,
            0.11091856398739763,
            -0.6824995057224467,
            1.5539616261772036
          ],
          "distortion_coefficients": [
            -0.10586209874247547,
            0.3316994112133143,
            6.357589598043217e-05,
            9.907850913155726e-05,
            -5.309462062299812
          ],
          "resolution": [
            5328,
            4608
          ],
          "white_balance_coefficients": [
            2.1681126283582923,
            0.9999999999999999,
            1.9511339646116612
          ]
        }
      },
      {
        "camera_id": "C0022",
        "extrinsics": {
          "view_matrix": [
            -0.9939054095516634,
            -0.10665521571918102,
            -0.027869370711147076,
            0.019021053167145207,
            -0.09322659908540908,
            0.6783208357525419,
            0.7288275824959849,
            -1.8989328870271882,
            -0.05882888820051585,
            0.7269838435232714,
            -0.6841298511022764,
            4.187106649804272,
            0.0,
            0.0,
            0.0,
            1.0
          ]
        },
        "intrinsics": {
          "camera_matrix": [
            12827.617056009936,
            0.0,
            2617.914386981805,
            0.0,
            12825.239160147996,
            2253.4361671089196,
            0.0,
            0.0,
            1.0
          ],
          "color_correction_matrix": [
            2.3920036307144805,
            -0.8062898763503157,
            -0.2164678063785603,
            -0.7788988012107756,
            2.772245683496362,
            -0.6602814484014113,
            0.18986067421822497,
            -1.0273216551532856,
            2.317541837967967
          ],
          "distortion_coefficients": [
            -0.07848629957449335,
            -0.14507122689029367,
            -0.00023417468864903677,
            0.00034171669119078136,
            -1.0834100811129037
          ],
          "resolution": [
            5328,
            4608
          ],
          "white_balance_coefficients": [
            2.1845063330528993,
            0.9999999999999999,
            1.978195751201045
          ]
        }
      },
      {
        "camera_id": "C0024",
        "extrinsics": {
          "view_matrix": [
            -0.7392923648891188,
            -0.22896759372475817,
            -0.6332619049339284,
            1.8472184543472459,
            0.06886775154064184,
            0.9097767065937845,
            -0.40934530281548764,
            1.0857213446018175,
            0.6698537392702902,
            -0.3462371805038578,
            -0.6568224895832578,
            4.600503156065685,
            0.0,
            0.0,
            0.0,
            1.0
          ]
        },
        "intrinsics": {
          "camera_matrix": [
            12840.695849804355,
            0.0,
            2591.239667589975,
            0.0,
            12838.106239641746,
            2256.1604279231788,
            0.0,
            0.0,
            1.0
          ],
          "color_correction_matrix": [
            1.8551698163255306,
            -0.5825988205352912,
            -0.20667845220220632,
            -0.5874483731766261,
            2.1475553070658013,
            -0.5183997037489253,
            0.16921100950803572,
            -0.8226689188918459,
            1.8079263775483188
          ],
          "distortion_coefficients": [
            -0.03373726733299393,
            -3.0586147239028674,
            0.00035379667772575304,
            -0.0003826935529244352,
            42.60796662378039
          ],
          "resolution": [
            5328,
            4608
          ],
          "white_balance_coefficients": [
            2.182528318797924,
            1.0,
            1.9617725244954458
          ]
        }
      },
      {
        "camera_id": "C0025",
        "extrinsics": {
          "view_matrix": [
            -0.8488897610521572,
            0.5277684306260769,
            -0.02909737471490721,
            0.04005232658619972,
            -0.12721257208053754,
            -0.15056400500595535,
            0.9803812737405895,
            -2.464834106637861,
            0.5130332689850297,
            0.835937177083933,
            0.19495102175541326,
            2.356033868497646,
            0.0,
            0.0,
            0.0,
            1.0
          ]
        },
        "intrinsics": {
          "camera_matrix": [
            12812.651295175703,
            0.0,
            2707.332215345789,
            0.0,
            12809.124776418657,
            2257.9763585125,
            0.0,
            0.0,
            1.0
          ],
          "color_correction_matrix": [
            2.1973080901922946,
            -0.6165290795073152,
            -0.26554397853742234,
            -0.7546711022218612,
            2.656756488279009,
            -0.6177802827598123,
            0.17911572060635403,
            -0.9582753722255631,
            2.210285586954536
          ],
          "dark_image_path": "",
          "distortion_coefficients": [
            -0.07089948063986219,
            -0.48407659615086684,
            -0.00035082491288190284,
            0.00026123254872556886,
            8.267850875506511
          ],
          "resolution": [
            5328,
            4608
          ],
          "white_balance_coefficients": [
            2.1028206394570272,
            1.0,
            1.9837149707745534
          ]
        }
      },
      {
        "camera_id": "C0026",
        "extrinsics": {
          "view_matrix": [
            0.9869710764988928,
            0.04078921535662887,
            0.15564168485726285,
            -0.22837661150882488,
            -0.11260400045878413,
            -0.5158507529827883,
            0.8492457475476511,
            -1.9378647041378363,
            0.1149279480165514,
            -0.8557068660222853,
            -0.5045367441594555,
            3.8476023252862874,
            0.0,
            0.0,
            0.0,
            1.0
          ]
        },
        "intrinsics": {
          "camera_matrix": [
            12868.670899518062,
            0.0,
            2725.1665509819036,
            0.0,
            12869.499098792896,
            2304.8900030034706,
            0.0,
            0.0,
            1.0
          ],
          "color_correction_matrix": [
            1.4050841685385926,
            -0.39578902281736555,
            -0.18168681628795597,
            -0.47893319501521364,
            1.6812496280596487,
            -0.3977609356689557,
            0.11366081560985461,
            -0.6272430562606384,
            1.4202622527444388
          ],
          "dark_image_path": "",
          "distortion_coefficients": [
            -0.13230830748817635,
            1.860239674835789,
            -0.0004417557952509533,
            0.0005932648404789075,
            -18.25972696238705
          ],
          "resolution": [
            5328,
            4608
          ],
          "white_balance_coefficients": [
            2.0712253490546204,
            1.0,
            1.942611242635665
          ]
        }
      },
      {
        "camera_id": "C0028",
        "extrinsics": {
          "view_matrix": [
            0.9608002601391342,
            -0.028103027323026736,
            0.27581348765398295,
            -0.771395921840085,
            -0.03266962810940803,
            -0.9993944592332481,
            0.011975402000638333,
            0.11326627222898455,
            0.27530992629356027,
            -0.0205166934266986,
            -0.9611365718643057,
            4.916526757066318,
            0.0,
            0.0,
            0.0,
            1.0
          ]
        },
        "intrinsics": {
          "camera_matrix": [
            12845.654738398367,
            0.0,
            2660.5356915591938,
            0.0,
            12846.077049685298,
            2292.543527056119,
            0.0,
            0.0,
            1.0
          ],
          "color_correction_matrix": [
            1.7828028930174529,
            -0.5320524336582849,
            -0.2002547297092552,
            -0.5886017900716826,
            2.121759807919757,
            -0.4950348612804995,
            0.1311626417241885,
            -0.7703224316530075,
            1.791883232836643
          ],
          "dark_image_path": "",
          "distortion_coefficients": [
            -0.09506686071665636,
            0.4107286660116473,
            -0.00038511979785728996,
            0.00012204325954857202,
            -4.577130684924853
          ],
          "resolution": [
            5328,
            4608
          ],
          "white_balance_coefficients": [
            2.1137241619488605,
            1.0,
            1.9958675334814744
          ]
        }
      },
      {
        "camera_id": "C0029",
        "extrinsics": {
          "view_matrix": [
            0.9729975856366793,
            -0.07862501126669127,
            0.21701107333153724,
            -0.5122476942457119,
            0.05435674244436359,
            -0.8356960727663597,
            -0.5464955795921138,
            1.5106806946675224,
            0.22432352283260515,
            0.5435348945249017,
            -0.8088564616406139,
            4.32772954173021,
            0.0,
            0.0,
            0.0,
            1.0
          ]
        },
        "intrinsics": {
          "camera_matrix": [
            12881.255091410783,
            0.0,
            2662.5495275455987,
            0.0,
            12879.461588862501,
            2291.5074931375602,
            0.0,
            0.0,
            1.0
          ],
          "color_correction_matrix": [
            1.9279570365675849,
            -0.5955128306190909,
            -0.21156525961961506,
            -0.6444382186087545,
            2.2716831529141728,
            -0.5250766858905558,
            0.16196150296775538,
            -0.8738572257044964,
            1.9337881155191352
          ],
          "dark_image_path": "",
          "distortion_coefficients": [
            -0.07583341036056614,
            -0.4158536331587707,
            -8.884581642065659e-05,
            0.00046492492019193277,
            3.440681674330606
          ],
          "resolution": [
            5328,
            4608
          ],
          "white_balance_coefficients": [
            2.086871099122578,
            1.0,
            1.9989154310620885
          ]
        }
      },
      {
        "camera_id": "C0030",
        "extrinsics": {
          "view_matrix": [
            -0.7266513978545455,
            0.3572313513570704,
            -0.5868249377826721,
            1.7428481712106223,
            -0.07431790161276454,
            0.8082902570414379,
            0.5840750892408977,
            -1.4505085804939901,
            0.6829748132222089,
            0.46803057803896586,
            -0.5607965607282207,
            4.27328549590689,
            0.0,
            0.0,
            0.0,
            1.0
          ]
        },
        "intrinsics": {
          "camera_matrix": [
            12803.180774233182,
            0.0,
            2656.701800170397,
            0.0,
            12800.012611043041,
            2313.423176475423,
            0.0,
            0.0,
            1.0
          ],
          "color_correction_matrix": [
            1.899637918532691,
            -0.5884679218091937,
            -0.13553966201155873,
            -0.5952388040345297,
            2.210809442219343,
            -0.46649728776996546,
            0.20378369394369902,
            -0.8784284731123096,
            1.9469960980418473
          ],
          "distortion_coefficients": [
            -0.0841464209011161,
            -0.508028858020734,
            0.0019147847650786002,
            0.0006003310591054413,
            5.843049470390215
          ],
          "resolution": [
            5328,
            4608
          ],
          "white_balance_coefficients": [
            2.115333478685842,
            1.0,
            1.9559709006401549
          ]
        }
      },
      {
        "camera_id": "C0031",
        "extrinsics": {
          "view_matrix": [
            -0.8990176204998352,
            -0.28141768958769453,
            0.33551661958528867,
            -0.8061209215238727,
            0.01434393041734598,
            -0.7846857022748219,
            -0.619727843739212,
            1.5537920432606882,
            0.43767747222240894,
            -0.5523336243907253,
            0.7094829086570081,
            1.1984038995319426,
            0.0,
            0.0,
            0.0,
            1.0
          ]
        },
        "intrinsics": {
          "camera_matrix": [
            12803.299718536726,
            0.0,
            2686.057795628737,
            0.0,
            12800.954422272287,
            2323.622228450261,
            0.0,
            0.0,
            1.0
          ],
          "color_correction_matrix": [
            2.840584589167273,
            -0.7977354309511958,
            -0.2967516763723707,
            -0.9480935625273703,
            3.438861319408319,
            -0.7964199936685765,
            0.26018454427618637,
            -1.279608917249584,
            2.9067494036360855
          ],
          "distortion_coefficients": [
            -0.09020226400802686,
            0.14151951770409796,
            0.00015823332142338755,
            -8.741532517541238e-05,
            -0.8428700632181654
          ],
          "resolution": [
            5328,
            4608
          ],
          "white_balance_coefficients": [
            2.1547007911625413,
            0.9999999999999999,
            2.0026435801723923
          ]
        }
      },
      {
        "camera_id": "C0034",
        "extrinsics": {
          "view_matrix": [
            0.9978232485754458,
            0.05277606438103771,
            0.0395405062030519,
            -0.045131725088273136,
            -0.06511649492125078,
            0.8832810271588302,
            0.4642999775472895,
            -1.245774522475317,
            -0.010421453426261686,
            -0.4658640510810973,
            0.8847949362529114,
            0.3370409116697091,
            0.0,
            0.0,
            0.0,
            1.0
          ]
        },
        "intrinsics": {
          "camera_matrix": [
            12858.599075986776,
            0.0,
            2634.229860676141,
            0.0,
            12857.237471233682,
            2360.18412493096,
            0.0,
            0.0,
            1.0
          ],
          "color_correction_matrix": [
            1.4923041366829675,
            -0.4339839691518278,
            -0.1878148760012056,
            -0.5624274592571502,
            1.8724564136071529,
            -0.45592386576491173,
            0.09724349048283462,
            -0.6717424024096866,
            1.5356467757316523
          ],
          "dark_image_path": "",
          "distortion_coefficients": [
            -0.08603330746881939,
            -0.052017407308103066,
            -0.0002748502613796674,
            -0.000637999105281605,
            0.8419651688600347
          ],
          "resolution": [
            5328,
            4608
          ],
          "white_balance_coefficients": [
            2.0685874499796966,
            1.0,
            1.9370599384070126
          ]
        }
      },
      {
        "camera_id": "C0037",
        "extrinsics": {
