{
    "frames": [
        {
            "file_path": "./images/C1002.jpg",
            "sharpness": 14.259166840985282,
            "transform_matrix": [
                [
                    0.9071336280037692,
                    0.04909943418003246,
                    -0.4179686908284657,
                    -1.5911947094554206
                ],
                [
                    -0.26017600185942635,
                    0.8460622301173694,
                    -0.4652817973066159,
                    -2.050261194684752
                ],
                [
                    0.33078244969954596,
                    0.5308181877170339,
                    0.7802659948018509,
                    3.3368052909889165
                ],
                [
                    0.0,
                    0.0,
                    0.0,
                    1.0
                ]
            ],
            "w": 5328.0,
            "h": 4608.0,
            "fl_x": 12810.684073696531,
            "fl_y": 12808.639940750903,
            "k1": 0,
            "k2": 0,
            "k3": 0,
            "k4": 0,
            "p1": 0,
            "p2": 0,
            "cx": 2605.494997041292,
            "cy": 2337.53385917667,
            "is_fisheye": false,
            "camera_angle_x": 0.41005867740992535,
            "camera_angle_y": 0.3559506579801091,
            "fovx": 23.494631568305234,
            "fovy": 20.394470417164907
        },
        {
            "file_path": "./images/C0029.jpg",
            "sharpness": 16.51019427515918,
            "transform_matrix": [
                [
                    -0.9984381996627174,
                    0.016009764590628445,
                    0.053524283245702936,
                    0.20095724531390133
                ],
                [
                    0.023477310336187412,
                    0.9895962679940844,
                    0.14194379997437923,
                    0.6198986679529788
                ],
                [
                    -0.050694944124316715,
                    0.1429787183079856,
                    -0.9884265824206613,
                    -3.5084803776281106
                ],
                [
                    0.0,
                    0.0,
                    0.0,
                    1.0
                ]
            ],
            "w": 5328.0,
            "h": 4608.0,
            "fl_x": 12881.255091410783,
            "fl_y": 12879.461588862501,
            "k1": 0,
            "k2": 0,
            "k3": 0,
            "k4": 0,
            "p1": 0,
            "p2": 0,
            "cx": 2662.5495275455987,
            "cy": 2291.5074931375602,
            "is_fisheye": false,
            "camera_angle_x": 0.4078740732878399,
            "camera_angle_y": 0.35403409594385077,
            "fovx": 23.369462972202854,
            "fovy": 20.284659501312305
        },
        {
            "file_path": "./images/C0016.jpg",
            "sharpness": 12.931712229773504,
            "transform_matrix": [
                [
                    -0.9313831836943056,
                    -0.06619584910309498,
                    0.35797133222916294,
                    1.3560709859116091
                ],
                [
                    -0.3468713411659665,
                    -0.13704892577492483,
                    -0.9278458194663975,
                    -3.801764846081316
                ],
                [
                    0.11047912839656059,
                    -0.9883499894213628,
                    0.10468362185212393,
                    0.45330169828145084
                ],
                [
                    0.0,
                    0.0,
                    0.0,
                    1.0
                ]
            ],
            "w": 5328.0,
            "h": 4608.0,
            "fl_x": 12813.120950861545,
            "fl_y": 12810.586452106934,
            "k1": 0,
            "k2": 0,
            "k3": 0,
            "k4": 0,
            "p1": 0,
            "p2": 0,
            "cx": 2624.4335525587717,
            "cy": 2331.50374083281,
            "is_fisheye": false,
            "camera_angle_x": 0.40998285663462203,
            "camera_angle_y": 0.35589770750798,
            "fovx": 23.49028735788094,
            "fovy": 20.391436578588685
        },
        {
            "file_path": "./images/C0025.jpg",
            "sharpness": 13.121747193645769,
            "transform_matrix": [
                [
                    0.8735372795976485,
                    0.04563106554241071,
                    0.48461368843187475,
                    2.113771714646941
                ],
                [
                    0.4288490860430815,
                    -0.5431195930993096,
                    -0.7218791928510356,
                    -3.2067619800587694
                ],
                [
                    0.2302630725087872,
                    0.838414523689216,
                    -0.4940040526051874,
                    -2.210829504036517
                ],
                [
                    0.0,
                    0.0,
                    0.0,
                    1.0
                ]
            ],
            "w": 5328.0,
            "h": 4608.0,
            "fl_x": 12812.651295175703,
            "fl_y": 12809.124776418657,
            "k1": 0,
            "k2": 0,
            "k3": 0,
            "k4": 0,
            "p1": 0,
            "p2": 0,
            "cx": 2707.332215345789,
            "cy": 2257.9763585125,
            "is_fisheye": false,
            "camera_angle_x": 0.40999746730843656,
            "camera_angle_y": 0.35593746765622986,
            "fovx": 23.49112448782636,
            "fovy": 20.393714667276218
        },
        {
            "file_path": "./images/C0037.jpg",
            "sharpness": 10.392611277964617,
            "transform_matrix": [
                [
                    0.9926126631031474,
                    -0.05500515581127764,
                    -0.10814126819303163,
                    -0.36020365081792083
                ],
                [
                    0.12130218111672594,
                    0.4321087277482186,
                    0.893626224066723,
                    3.524962412536077
                ],
                [
                    -0.0024252638758639686,
                    -0.9001424777902234,
                    0.4355888403728455,
                    1.6737489961225582
                ],
                [
                    0.0,
                    0.0,
                    0.0,
                    1.0
                ]
            ],
            "w": 5328.0,
            "h": 4608.0,
            "fl_x": 12830.826366957883,
            "fl_y": 12829.44291121163,
            "k1": 0,
            "k2": 0,
            "k3": 0,
            "k4": 0,
            "p1": 0,
            "p2": 0,
            "cx": 2649.8792191409507,
            "cy": 2296.8323819715233,
            "is_fisheye": false,
            "camera_angle_x": 0.4094328009482323,
            "camera_angle_y": 0.3553855655977899,
            "fovx": 23.45877148855364,
            "fovy": 20.362093008623024
        },
        {
            "file_path": "./images/C0008.jpg",
            "sharpness": 9.88202826738736,
            "transform_matrix": [
                [
                    -0.9834772283272997,
                    0.026095613781102645,
                    0.17914117423970968,
                    0.6548495049759671
                ],
                [
                    0.11260518584410406,
                    -0.6866427666343266,
                    0.7182212634205284,
                    2.763919461714091
                ],
                [
                    0.14174841619767425,
                    0.7265264826921466,
                    0.6723590235409795,
                    2.6282154040216676
                ],
                [
                    0.0,
                    0.0,
                    0.0,
                    1.0
                ]
            ],
            "w": 5328.0,
            "h": 4608.0,
            "fl_x": 12852.374130574652,
            "fl_y": 12852.102940919422,
            "k1": 0,
            "k2": 0,
            "k3": 0,
            "k4": 0,
            "p1": 0,
            "p2": 0,
            "cx": 2650.805708411524,
            "cy": 2336.196401900245,
            "is_fisheye": false,
            "camera_angle_x": 0.4087653349040843,
            "camera_angle_y": 0.3547720447040282,
            "fovx": 23.420528501255667,
            "fovy": 20.326940850767386
        },
        {
            "file_path": "./images/C0013.jpg",
            "sharpness": 6.391334897666462,
            "transform_matrix": [
                [
                    -0.8984053990862192,
                    0.04713439648020701,
                    -0.43663037865695986,
                    -1.7447915985546654
                ],
                [
                    -0.43867408344152237,
                    -0.14341155504593606,
                    0.8871291757549484,
                    3.561240400762409
                ],
                [
                    -0.020803543284297274,
                    0.98854007234522,
                    0.14951835351914405,
                    0.5771921862843813
                ],
                [
                    0.0,
                    0.0,
                    0.0,
                    1.0
                ]
            ],
            "w": 5328.0,
            "h": 4608.0,
            "fl_x": 12905.809416195434,
            "fl_y": 12902.808577531865,
            "k1": 0,
            "k2": 0,
            "k3": 0,
            "k4": 0,
            "p1": 0,
            "p2": 0,
            "cx": 2703.9244133913353,
            "cy": 2254.5216375702184,
            "is_fisheye": false,
            "camera_angle_x": 0.4071193398322821,
            "camera_angle_y": 0.3534067524023533,
            "fovx": 23.326219930542067,
            "fovy": 20.24871536407971
        },
        {
            "file_path": "./images/C0001.jpg",
            "sharpness": 15.269354762939347,
            "transform_matrix": [
                [
                    0.8750425491404598,
                    -0.05530191537936521,
                    -0.48087652817961735,
                    -1.9825516629546294
                ],
                [
                    0.25617983569530456,
                    -0.7900018147403207,
                    0.5570179750867428,
                    2.2196733721641126
                ],
                [
                    -0.41069749085095525,
                    -0.6106052988157433,
                    -0.6771179662004378,
                    -2.6329094201442453
                ],
                [
                    0.0,
                    0.0,
                    0.0,
                    1.0
                ]
            ],
            "w": 5328.0,
            "h": 4608.0,
            "fl_x": 12851.92509314511,
            "fl_y": 12851.594916406715,
            "k1": 0,
            "k2": 0,
            "k3": 0,
            "k4": 0,
            "p1": 0,
            "p2": 0,
            "cx": 2683.13060512708,
            "cy": 2299.1860688835213,
            "is_fisheye": false,
            "camera_angle_x": 0.4087792224463648,
            "camera_angle_y": 0.3547857765108078,
            "fovx": 23.42132419881615,
            "fovy": 20.327727625340945
        },
        {
            "file_path": "./images/C0030.jpg",
            "sharpness": 12.307059175052347,
            "transform_matrix": [
                [
                    0.8343218190666305,
                    -0.027751148539875994,
                    0.5505787645641707,
                    2.029038763080911
                ],
                [
                    -0.07488872099896438,
                    -0.9951793625238603,
                    0.06332231797202159,
                    0.19652404445720428
                ],
                [
                    0.5461673568862153,
                    -0.0940633310053337,
                    -0.8323781040588804,
                    -3.944351673474955
                ],
                [
                    0.0,
                    0.0,
                    0.0,
                    1.0
                ]
            ],
            "w": 5328.0,
            "h": 4608.0,
            "fl_x": 12803.180774233182,
            "fl_y": 12800.012611043041,
            "k1": 0,
            "k2": 0,
            "k3": 0,
            "k4": 0,
            "p1": 0,
            "p2": 0,
            "cx": 2656.701800170397,
            "cy": 2313.423176475423,
            "is_fisheye": false,
            "camera_angle_x": 0.41029230812335576,
            "camera_angle_y": 0.3561855329083007,
            "fovx": 23.508017622149428,
            "fovy": 20.407927759263725
        },
        {
            "file_path": "./images/C0021.jpg",
            "sharpness": 8.49048690458371,
            "transform_matrix": [
                [
                    0.9946677848800799,
                    0.0031587019538826255,
                    -0.10308258984262784,
                    -0.24541098470021394
                ],
                [
                    0.005993792517126173,
                    0.9960707913058892,
                    0.08835753073806951,
                    0.382822514495405
                ],
                [
                    0.1029566519393896,
                    -0.08850424503235399,
                    0.9907405949678427,
                    3.894912123669065
                ],
                [
                    0.0,
                    0.0,
                    0.0,
                    1.0
                ]
            ],
            "w": 5328.0,
            "h": 4608.0,
            "fl_x": 12824.0470420268,
            "fl_y": 12823.180673869583,
            "k1": 0,
            "k2": 0,
            "k3": 0,
            "k4": 0,
            "p1": 0,
            "p2": 0,
            "cx": 2639.4022421721074,
            "cy": 2285.224431916032,
            "is_fisheye": false,
            "camera_angle_x": 0.4096432428005934,
            "camera_angle_y": 0.35555548630293665,
            "fovx": 23.470828918526845,
            "fovy": 20.37182874787982
        },
        {
            "file_path": "./images/C1001.jpg",
            "sharpness": 12.297831765810647,
            "transform_matrix": [
                [
                    0.8358139741756323,
                    0.08344841370693307,
                    -0.5426337280592441,
                    -2.008152211976639
                ],
                [
                    -0.14787776367406869,
                    -0.9176332207768101,
                    -0.3688921783084354,
                    -1.2986557957012452
                ],
                [
                    -0.5287222026898659,
                    0.38856869979380304,
                    -0.7546305042919212,
                    -3.1136414511554285
                ],
                [
                    0.0,
                    0.0,
                    0.0,
                    1.0
                ]
            ],
            "w": 5328.0,
            "h": 4608.0,
            "fl_x": 12842.664859348906,
            "fl_y": 12840.910685919895,
            "k1": 0,
            "k2": 0,
            "k3": 0,
            "k4": 0,
            "p1": 0,
            "p2": 0,
            "cx": 2688.321010673743,
            "cy": 2311.540810267348,
            "is_fisheye": false,
            "camera_angle_x": 0.4090658246227181,
            "camera_angle_y": 0.3550748131139174,
            "fovx": 23.437745293920457,
            "fovy": 20.344288202823922
        },
        {
            "file_path": "./images/C0010.jpg",
            "sharpness": 14.45000550673007,
            "transform_matrix": [
                [
                    0.8965608609240805,
                    0.0650728156873674,
                    -0.4381143130765437,
                    -1.8455108103700884
                ],
                [
                    -0.4331046524318116,
                    -0.07828869364352664,
                    -0.8979372141576036,
                    -3.779060827749146
                ],
                [
                    -0.0927307000729996,
                    0.9948047090713298,
                    -0.04200723935262546,
                    -0.05619350514459592
                ],
                [
                    0.0,
                    0.0,
                    0.0,
                    1.0
                ]
            ],
            "w": 5328.0,
            "h": 4608.0,
            "fl_x": 12814.923182179366,
            "fl_y": 12813.693397146602,
            "k1": 0,
            "k2": 0,
            "k3": 0,
            "k4": 0,
            "p1": 0,
            "p2": 0,
            "cx": 2683.8491182254998,
            "cy": 2288.422837482724,
            "is_fisheye": false,
            "camera_angle_x": 0.4099267999533224,
            "camera_angle_y": 0.35581322233013224,
            "fovx": 23.487075546628965,
            "fovy": 20.386595934466598
        },
        {
            "file_path": "./images/C0022.jpg",
            "sharpness": 13.9283702999893,
            "transform_matrix": [
                [
                    0.9762470347883287,
                    -0.014372824374290091,
                    -0.21618313762049957,
                    -0.7797363616583121
                ],
                [
                    -0.035785815427788296,
                    -0.9947893556127627,
                    -0.09546472360679009,
                    -0.3461832031010942
                ],
                [
                    -0.21368458646150146,
                    0.10093344320950326,
                    -0.9716745018961861,
                    -3.7663270136008062
                ],
                [
                    0.0,
                    0.0,
                    0.0,
                    1.0
                ]
            ],
            "w": 5328.0,
            "h": 4608.0,
            "fl_x": 12827.617056009936,
            "fl_y": 12825.239160147996,
            "k1": 0,
            "k2": 0,
            "k3": 0,
            "k4": 0,
            "p1": 0,
            "p2": 0,
            "cx": 2617.914386981805,
            "cy": 2253.4361671089196,
            "is_fisheye": false,
            "camera_angle_x": 0.4095323968752753,
            "camera_angle_y": 0.35549961322043355,
            "fovx": 23.464477914829896,
            "fovy": 20.368627456064008
        },
        {
            "file_path": "./images/C0020.jpg",
            "sharpness": 11.660331799681465,
            "transform_matrix": [
                [
                    0.987287235226505,
                    0.059761713728203256,
                    -0.1472835793155999,
                    -0.4120840008218466
                ],
                [
                    -0.15421089918215952,
                    0.5846455351011691,
                    -0.7964977068010339,
                    -3.120232667716215
                ],
                [
                    0.03850861910157066,
                    0.8090847520128698,
                    0.5864289815482469,
                    2.2947601849111066
                ],
                [
                    0.0,
                    0.0,
                    0.0,
                    1.0
                ]
            ],
            "w": 5328.0,
            "h": 4608.0,
            "fl_x": 12862.995832814819,
            "fl_y": 12862.40082428303,
            "k1": 0,
            "k2": 0,
            "k3": 0,
            "k4": 0,
            "p1": 0,
            "p2": 0,
            "cx": 2616.111615400336,
            "cy": 2278.153587275142,
            "is_fisheye": false,
            "camera_angle_x": 0.408437104789225,
            "camera_angle_y": 0.3544939214308692,
            "fovx": 23.401722300965133,
            "fovy": 20.311005561031013
        },
        {
            "file_path": "./images/C0028.jpg",
            "sharpness": 12.031797910874166,
            "transform_matrix": [
                [
                    -0.9929400743454322,
                    0.03256416826715732,
                    0.11405956211075868,
                    0.28380788731840545
                ],
                [
                    0.10088559075787244,
                    0.7375878043231217,
                    0.6676723212555986,
                    2.644093239907649
                ],
                [
                    -0.06238674816264006,
                    0.6744655706110495,
                    -0.7356657446140555,
                    -2.7448951558930537
                ],
                [
                    0.0,
                    0.0,
                    0.0,
                    1.0
                ]
            ],
            "w": 5328.0,
            "h": 4608.0,
            "fl_x": 12845.654738398367,
            "fl_y": 12846.077049685298,
            "k1": 0,
            "k2": 0,
            "k3": 0,
            "k4": 0,
            "p1": 0,
            "p2": 0,
            "cx": 2660.5356915591938,
            "cy": 2292.543527056119,
            "is_fisheye": false,
            "camera_angle_x": 0.40897324522388717,
            "camera_angle_y": 0.3549349911904439,
            "fovx": 23.432440885097588,
            "fovy": 20.33627699672549
        },
        {
            "file_path": "./images/C0005.jpg",
            "sharpness": 14.56826556267046,
            "transform_matrix": [
                [
                    -0.994191292677491,
                    0.05578075711617494,
                    0.09204444961402397,
                    0.4161768515897763
                ],
                [
                    0.10496875082307439,
                    0.31362232534993667,
                    0.9437280320475546,
                    3.6742334530797174
                ],
                [
                    0.02377466981586515,
                    0.9479079830135242,
                    -0.3176558214466241,
                    -1.0664087314262105
                ],
                [
                    0.0,
                    0.0,
                    0.0,
                    1.0
                ]
            ],
            "w": 5328.0,
            "h": 4608.0,
            "fl_x": 12861.176767141787,
            "fl_y": 12860.04674624155,
            "k1": 0,
            "k2": 0,
            "k3": 0,
            "k4": 0,
            "p1": 0,
            "p2": 0,
            "cx": 2707.741857077331,
            "cy": 2373.2068241105667,
            "is_fisheye": false,
            "camera_angle_x": 0.4084932803700655,
            "camera_angle_y": 0.35455746187076104,
            "fovx": 23.404940924658995,
            "fovy": 20.314646160065216
        }
    ],
    "aabb_scale": 32
}